LOW,HIGH,field2_COUNT
11.0,11.25,0
11.25,11.5,1
11.5,11.75,0
11.75,12.0,0
12.0,12.25,0
12.25,12.5,0
12.5,12.75,0
12.75,13.0,1
13.0,13.25,0
13.25,13.5,0
13.5,13.75,0
13.75,14.0,1
14.0,14.25,0
14.25,14.5,1
14.5,14.75,0
14.75,15.0,1
15.0,15.25,2
15.25,15.5,1
15.5,15.75,0
15.75,16.0,0
16.0,16.25,2
16.25,16.5,5
16.5,16.75,10
16.75,17.0,2
17.0,17.25,8
17.25,17.5,3
17.5,17.75,4
17.75,18.0,8
18.0,18.25,5
18.25,18.5,7
18.5,18.75,6
18.75,19.0,8
19.0,19.25,10
19.25,19.5,7
19.5,19.75,10
19.75,20.0,12
20.0,20.25,7
20.25,20.5,16
20.5,20.75,14
20.75,21.0,12
21.0,21.25,2
21.25,21.5,0
