LOW,HIGH,field1_COUNT
12.0,12.25,0
12.25,12.5,1
12.5,12.75,0
12.75,13.0,0
13.0,13.25,0
13.25,13.5,1
13.5,13.75,2
13.75,14.0,0
14.0,14.25,0
14.25,14.5,4
14.5,14.75,1
14.75,15.0,1
15.0,15.25,0
15.25,15.5,2
15.5,15.75,3
15.75,16.0,0
16.0,16.25,1
16.25,16.5,6
16.5,16.75,4
16.75,17.0,5
17.0,17.25,3
17.25,17.5,5
17.5,17.75,7
17.75,18.0,6
18.0,18.25,8
18.25,18.5,4
18.5,18.75,8
18.75,19.0,4
19.0,19.25,7
19.25,19.5,16
19.5,19.75,11
19.75,20.0,9
20.0,20.25,14
20.25,20.5,13
20.5,20.75,11
20.75,21.0,15
21.0,21.25,3
21.25,21.5,0
